111111585063272;
111111585049348;
111111585048810;
111111585046043;
111111585061558;
111111585044258;
111111585044393;
111111585047435;
111111585049005;
111111585048125;
111111585049003;
111111585048762;
111111585044319;
111111585048990;
111111585047282;
111111585047387;
111111585048516;
111111585048273;
111111585048136;
111111585091260;
111111585047059;
111111585047057;
111111585047018;
111111585048950;
111111585044155;
111111585048513;
111111585048168;
111111585048801;
111111585044240;
111111585041628;
111111585046618;
111111585043469;
111111585048492;
111111585049164;
111111585049187;
111111585046352;
111111585047610;
111111585047374;
111111585046464;
111111585046421;
111111585045124;
111111585067122;
111111585047022;
111111585046828;
111111585048432;
111111585069801;
111111585060375;
111111585062296;
111111585047207;
111111585048957;
111111585049020;
111111585049296;
111111585048442;
111111585048779;
111111585049312;
111111585048532;
111111585048543;
111111585046835;
111111585048003;
111111585046076;
111111585048895;
111111585046557;
111111585044046;
111111585048317;
111111585047264;
111111585046965;
111111585044933;
111111585044414;
111111585047619;
111111585047431;
111111585047577;
111111585049176;
111111585042392;
111111585047517;
111111585047101;
111111585060293;
111111585048763;
111111585049226;
111111585048127;
111111585045086;
111111585047402;
111111585049249;